75,3
75,2
75,1
75,0
74,3
74,2
74,1
74,0
73,3
73,2
73,1
73,0
0,493
0,492
0,491
0,490
72,3
72,2
0,489
72,1
72,0
0,488
71,3
71,2
71,1
71,0
70,3
70,2
70,1
70,0
0,487
0,486
0,485
69,3
69,2
69,1
69,0
0,484
0,483
68,3
68,2
0,482
68,1
68,0
67,3
67,2
0,481
67,1
67,0
0,480
66,3
66,2
66,1
66,0
65,3
65,2
65,1
65,0
64,3
64,2
64,1
64,0
63,3
63,2
63,1
63,0
62,3
62,2
62,1
62,0
61,3
61,2
61,1
61,0
0,479
0,478
60,3
60,2
0,477
60,1
60,0
0,476
0,475
0,474
0,473
0,472
0,471
0,243
0,470
59,3
59,2
59,1
59,0
0,469
0,468
58,3
58,2
0,467
58,1
58,0
0,466
0,465
0,464
0,463
0,462
0,461
0,460
57,3
57,2
57,1
57,0
0,459
0,458
0,457
0,456
0,455
56,3
56,2
0,454
56,1
56,0
0,453
0,452
55,3
55,2
55,1
55,0
0,451
0,450
54,3
54,2
54,1
54,0
53,3
53,2
53,1
53,0
52,3
52,2
52,1
52,0
51,4
51,3
